5
4 1 2 0.5 2
1 0.5 0 0 0
2 0 3 0 0
0.5 0 0 0.625 0
2 0 0 0 16
1 1 1 1 1
0 0 0 0 0

2
1 10
100 1001
11 1101
0 0

3
1 0.4 0
0.4 1 0.4
0 0.4 1
1 1 1
0 0 0

3
6 2 2
2 3 4
2 4 8
6 3 6
0 0 0

3
1 0.4 0
0.4 1 0.4
0 0.4 1
1 1 1
0 0 0

3
1 0.4 0
0.4 1 0.4
0 0.4 1
1 1 1
0 0 0

3
2 -1 0
-1 2 -1
0 -1 2
2 2 2
0 0 0

3
6 2 2
2 3 4
2 4 8
6 3 6
1 0 1

3
10 1 -1
1 10 1
-1 1 1
11 11 10
1.1 1 1

3
2 -1 0
-1 2 -1
0 -1 2
2 2 2
0 0 0


3
2 1 1
1 -1 0
3 -1 2
2 -2 2
0 0 0

5
49 32  4 15 45
32 86  7 39 54
4  7  5  3  0
15 39  3 18 27
45 54  0 27 81
1 0 0  0 1
0.1 0.1 0.1 0.1 0.1

3
2.90157195  3.27259777  4.2606294
-5.61968684 -1.5133089  -1.35905745
2.          4.          8.
3.88960357 -5.46543539 6.
1 0 1


3
2 -1 0
-1 2 -1
0 -1 2
2 2 2
0 0 0


